1364855982 1
1364856650 199
1365526796 1369
1365606919 1370
1365631541 1391
1365631858 1390
1365801057 1489
1365808389 1485
1365808415 1544
1365808468 1608
1365809063 1663
1365970395 1676
1365978344 1683
1365981795 1724
1365981844 1783
1366056695 1783
1366062935 1783
1366062940 2187
1366065764 2187
1366067126 2768
1366067347 2728
1366226446 2852
1366234341 2840
1366240958 2889
1366241029 2927
1366241104 3050
1366316536 3132
1366319141 3129
1366322850 3228
1366323927 3286
1366325850 3284
1366335278 3314
1366412576 3321
1366412580 3380
1366573946 3402
1366581764 3441
1366582925 3446
1366583124 3452
1366584201 3468
1366627212 3469
1366667667 3479
1366671363 3509
1366671369 3512
1366672069 3535
1366737491 3535
1366754128 3632
1366758278 3753
1366759988 3754
1366761411 3573
1366765388 3601
1366766842 3604
1366769869 3607
1366773348 3597
1366839656 7370
1367193685 7729
1367274186 7751
1367274245 7747
1367278137 7772
1367278154 7866
1367280613 7886
1367282023 7864
