1364855982 0 1 0 0 0 0 0 0 0 0 0
1364856650 1 1 0 0 0 0 0 0 0 0 0
1365526796 2 1 0 0 0 0 0 0 0 0 0
1365606919 3 1 0 0 0 0 0 0 0 0 0
1365622530 3 2 0 0 0 0 0 0 0 0 0
1365631541 4 2 0 0 0 0 0 0 0 0 0
1365631858 5 2 0 0 0 0 0 0 0 0 0
1365801057 6 2 0 0 0 0 0 0 0 0 0
1365803946 7 2 0 0 0 0 0 0 0 0 0
1365806865 8 2 0 0 0 0 0 0 0 0 0
1365808389 8 3 0 0 0 0 0 0 0 0 0
1365808415 8 4 0 0 0 0 0 0 0 0 0
1365808468 8 5 0 0 0 0 0 0 0 0 0
1365809063 9 5 0 0 0 0 0 0 0 0 0
1365970395 10 5 0 0 0 0 0 0 0 0 0
1365978344 10 5 0 0 1 0 0 0 0 0 0
1365980075 11 5 0 0 1 0 0 0 0 0 0
1365980106 12 5 0 0 1 0 0 0 0 0 0
1365981795 12 5 0 0 2 0 0 0 0 0 0
1365981844 12 5 0 0 3 0 0 0 0 0 0
1366056695 12 6 0 0 3 0 0 0 0 0 0
1366058014 13 6 0 0 3 0 0 0 0 0 0
1366062935 13 7 0 0 3 0 0 0 0 0 0
1366062940 13 8 0 0 3 0 0 0 0 0 0
1366065764 14 8 0 0 3 0 0 0 0 0 0
1366067126 15 8 0 0 3 0 0 0 0 0 0
1366067347 16 8 0 0 3 0 0 0 0 0 0
1366226446 17 8 0 0 3 0 0 0 0 0 0
1366234341 18 8 0 0 3 0 0 0 0 0 0
1366240784 18 9 0 0 3 0 0 0 0 0 0
1366240792 18 10 0 0 3 0 0 0 0 0 0
1366240958 18 10 0 0 4 0 0 0 0 0 0
1366241029 18 10 0 0 5 0 0 0 0 0 0
1366241104 18 10 0 0 5 1 0 0 0 0 0
1366316536 19 10 0 0 5 1 0 0 0 0 0
1366319141 19 10 0 0 5 2 0 0 0 0 0
1366322850 19 10 0 0 5 3 0 0 0 0 0
1366323927 20 10 0 0 5 3 0 0 0 0 0
1366325850 21 10 0 0 5 3 0 0 0 0 0
1366335278 22 10 0 0 5 3 0 0 0 0 0
1366407956 23 10 0 0 5 3 0 0 0 0 0
1366408160 23 10 0 0 6 3 0 0 0 0 0
1366408210 23 10 0 0 7 3 0 0 0 0 0
1366409163 23 10 0 0 8 3 0 0 0 0 0
1366412576 23 11 0 0 8 3 0 0 0 0 0
1366412580 23 12 0 0 8 3 0 0 0 0 0
1366573946 23 13 0 0 8 3 0 0 0 0 0
1366581193 23 13 0 0 8 3 0 0 1 0 0
1366581764 24 13 0 0 8 3 0 0 1 0 0
1366582925 25 13 0 0 8 3 0 0 1 0 0
1366583124 26 13 0 0 8 3 0 0 1 0 0
1366584201 26 13 0 1 8 3 0 0 1 0 0
1366627212 26 13 0 1 8 3 0 0 1 0 1
1366667667 27 13 0 1 8 3 0 0 1 0 1
1366669415 27 13 0 2 8 3 0 0 1 0 1
1366671363 27 14 0 2 8 3 0 0 1 0 1
1366671369 27 15 0 2 8 3 0 0 1 0 1
1366672069 27 16 0 2 8 3 0 0 1 0 1
1366737491 28 16 0 2 8 3 0 0 1 0 1
1366754128 29 16 0 2 8 3 0 0 1 0 1
1366758278 30 16 0 2 8 3 0 0 1 0 1
1366759272 30 16 1 2 8 3 0 0 1 0 1
1366759912 30 16 2 2 8 3 0 0 1 0 1
1366759988 31 16 2 2 8 3 0 0 1 0 1
1366761411 32 16 2 2 8 3 0 0 1 0 1
1366765388 33 16 2 2 8 3 0 0 1 0 1
1366766842 34 16 2 2 8 3 0 0 1 0 1
1366769869 34 16 2 2 9 3 0 0 1 0 1
1366772566 35 16 2 2 9 3 0 0 1 0 1
1366773348 35 16 2 2 10 3 0 0 1 0 1
1366812190 35 16 3 2 10 3 0 0 1 0 1
1366817813 36 16 3 2 10 3 0 0 1 0 1
1366817925 37 16 3 2 10 3 0 0 1 0 1
1366825135 37 16 4 2 10 3 0 0 1 0 1
1366826604 37 16 4 2 10 3 0 0 1 1 1
1366839656 37 16 4 2 11 3 0 0 1 1 1
1366842619 37 17 4 2 11 3 0 0 1 1 1
1366843535 38 17 4 2 11 3 0 0 1 1 1
1366844544 38 18 4 2 11 3 0 0 1 1 1
1366844554 38 19 4 2 11 3 0 0 1 1 1
1366847928 38 19 5 2 11 3 0 0 1 1 1
1366848105 38 19 6 2 11 3 0 0 1 1 1
1366851896 38 19 7 2 11 3 0 0 1 1 1
1366853109 38 19 8 2 11 3 0 0 1 1 1
1366855746 38 19 9 2 11 3 0 0 1 1 1
1366856980 38 19 10 2 11 3 0 0 1 1 1
1366857989 38 19 11 2 11 3 0 0 1 1 1
1366865475 38 19 12 2 11 3 0 0 1 1 1
1366909962 38 19 13 2 11 3 0 0 1 1 1
1366909989 38 19 14 2 11 3 0 0 1 1 1
1366923272 39 19 14 2 11 3 0 0 1 1 1
1367000851 39 20 14 2 11 3 0 0 1 1 1
1367002400 39 21 14 2 11 3 0 0 1 1 1
1367186322 39 21 14 3 11 3 0 0 1 1 1
1367186716 40 21 14 3 11 3 0 0 1 1 1
1367187038 40 21 14 4 11 3 0 0 1 1 1
1367187115 40 21 14 5 11 3 0 0 1 1 1
1367187171 40 21 14 6 11 3 0 0 1 1 1
1367187178 41 21 14 6 11 3 0 0 1 1 1
1367187306 41 21 14 7 11 3 0 0 1 1 1
1367187314 42 21 14 7 11 3 0 0 1 1 1
1367193685 42 21 14 7 12 3 0 0 1 1 1
1367261641 42 21 14 7 12 3 0 1 1 1 1
1367268727 42 22 14 7 12 3 0 1 1 1 1
1367274186 42 22 14 7 13 3 0 1 1 1 1
1367274245 42 22 14 7 14 3 0 1 1 1 1
1367275072 43 22 14 7 14 3 0 1 1 1 1
1367275075 44 22 14 7 14 3 0 1 1 1 1
1367277656 44 23 14 7 14 3 0 1 1 1 1
1367277658 44 24 14 7 14 3 0 1 1 1 1
1367277736 44 24 14 7 14 3 0 2 1 1 1
1367277744 44 25 14 7 14 3 0 2 1 1 1
1367278137 44 25 14 7 15 3 0 2 1 1 1
1367278154 44 25 14 7 16 3 0 2 1 1 1
1367280613 44 25 14 7 17 3 0 2 1 1 1
1367282023 44 25 15 7 17 3 0 2 1 1 1
1367335766 45 25 15 7 17 3 0 2 1 1 1
1367335776 46 25 15 7 17 3 0 2 1 1 1
1367424260 46 26 15 7 17 3 0 2 1 1 1
1367424599 46 27 15 7 17 3 0 2 1 1 1
1367424975 46 27 16 7 17 3 0 2 1 1 1
1367425119 46 27 17 7 17 3 0 2 1 1 1
1367426457 46 28 17 7 17 3 0 2 1 1 1
1367426464 46 29 17 7 17 3 0 2 1 1 1
1367442254 47 29 17 7 17 3 0 2 1 1 1
1367442506 47 29 17 7 18 3 0 2 1 1 1
1367442745 47 29 17 7 19 3 0 2 1 1 1
1367442946 47 29 17 7 20 3 0 2 1 1 1
1367443377 47 30 17 7 20 3 0 2 1 1 1
1367444067 47 31 17 7 20 3 0 2 1 1 1
1367444263 47 32 17 7 20 3 0 2 1 1 1
1367444881 47 33 17 7 20 3 0 2 1 1 1
1367445789 47 33 18 7 20 3 0 2 1 1 1
1367445804 47 34 18 7 20 3 0 2 1 1 1
1367449836 47 35 18 7 20 3 0 2 1 1 1
1367452023 47 35 18 8 20 3 0 2 1 1 1
1367453052 48 35 18 8 20 3 0 2 1 1 1
1367453169 49 35 18 8 20 3 0 2 1 1 1
1367454177 49 35 18 8 20 4 0 2 1 1 1
1367460791 49 35 18 8 20 4 0 3 1 1 1
1367463592 50 35 18 8 20 4 0 3 1 1 1
1367464136 51 35 18 8 20 4 0 3 1 1 1
1367595455 51 35 18 8 20 4 0 4 1 1 1
1367595874 51 35 18 8 20 4 0 5 1 1 1
1367612006 51 36 18 8 20 4 0 5 1 1 1
1367783400 52 36 18 8 20 4 0 5 1 1 1
1367783619 53 36 18 8 20 4 0 5 1 1 1
1367783921 53 37 18 8 20 4 0 5 1 1 1
1367784099 53 38 18 8 20 4 0 5 1 1 1
1367787327 54 38 18 8 20 4 0 5 1 1 1
1367787333 55 38 18 8 20 4 0 5 1 1 1
1367791084 55 38 19 8 20 4 0 5 1 1 1
1367791217 55 38 20 8 20 4 0 5 1 1 1
1367791887 56 38 20 8 20 4 0 5 1 1 1
1367791891 57 38 20 8 20 4 0 5 1 1 1
1367791957 57 38 20 9 20 4 0 5 1 1 1
1367791963 57 38 20 10 20 4 0 5 1 1 1
1367791979 57 38 21 10 20 4 0 5 1 1 1
1367792080 57 38 22 10 20 4 0 5 1 1 1
1367792772 58 38 22 10 20 4 0 5 1 1 1
1367792774 59 38 22 10 20 4 0 5 1 1 1
1367793224 59 38 22 11 20 4 0 5 1 1 1
1367793516 59 38 22 12 20 4 0 5 1 1 1
1367795232 59 38 23 12 20 4 0 5 1 1 1
1367795254 59 38 24 12 20 4 0 5 1 1 1
1367795471 59 38 24 13 20 4 0 5 1 1 1
1367795555 59 38 24 14 20 4 0 5 1 1 1
1367795640 59 38 25 14 20 4 0 5 1 1 1
1367795680 59 38 26 14 20 4 0 5 1 1 1
1367796001 59 38 26 15 20 4 0 5 1 1 1
1367796795 59 38 26 16 20 4 0 5 1 1 1
1367796963 59 38 26 16 20 5 0 5 1 1 1
1367797005 59 38 26 16 20 6 0 5 1 1 1
1367806835 59 38 27 16 20 6 0 5 1 1 1
1367806909 59 38 28 16 20 6 0 5 1 1 1
1367881234 59 38 28 16 20 6 0 6 1 1 1
1367882239 59 38 28 17 20 6 0 6 1 1 1
1367882267 59 38 28 18 20 6 0 6 1 1 1
1367884463 59 38 28 19 20 6 0 6 1 1 1
1367888194 59 38 29 19 20 6 0 6 1 1 1
1367891315 59 38 29 19 20 6 0 7 1 1 1
1367891322 59 38 29 19 20 6 0 8 1 1 1
1367891775 59 38 30 19 20 6 0 8 1 1 1
1367891779 59 38 31 19 20 6 0 8 1 1 1
1367943926 59 38 31 19 20 6 1 8 1 1 1
1367946082 60 38 31 19 20 6 1 8 1 1 1
1367946508 61 38 31 19 20 6 1 8 1 1 1
1367948657 61 38 31 19 20 6 2 8 1 1 1
1367948693 61 38 31 19 20 6 3 8 1 1 1
1367948766 61 38 31 19 20 6 4 8 1 1 1
1367949223 61 38 31 19 20 6 5 8 1 1 1
1367949337 61 38 31 19 20 6 6 8 1 1 1
1367959727 61 38 31 19 20 7 6 8 1 1 1
1367964735 61 38 31 19 20 7 7 8 1 1 1
1367964774 61 38 31 19 20 7 8 8 1 1 1
1367965130 61 38 31 19 20 7 9 8 1 1 1
1367969497 61 38 31 19 20 7 10 8 1 1 1
1367969868 61 38 31 19 20 7 11 8 1 1 1
1367970275 61 38 31 19 20 7 12 8 1 1 1
1367970590 61 38 31 19 20 7 13 8 1 1 1
1368015134 61 38 31 19 20 7 14 8 1 1 1
1368016542 61 38 31 19 20 7 15 8 1 1 1
1368029796 61 38 31 19 20 7 16 8 1 1 1
1368038832 61 38 31 19 20 8 16 8 1 1 1
1368038887 61 38 31 19 20 8 17 8 1 1 1
1368038916 61 38 31 19 20 8 18 8 1 1 1
1368041205 61 38 31 19 20 9 18 8 1 1 1
1368041274 61 38 31 19 20 10 18 8 1 1 1
1368046304 61 38 31 19 20 10 18 8 2 1 1
1368046337 61 38 31 19 20 10 18 8 3 1 1
1368046709 62 38 31 19 20 10 18 8 3 1 1
1368047134 63 38 31 19 20 10 18 8 3 1 1
1368051329 63 38 31 20 20 10 18 8 3 1 1
1368052340 63 38 32 20 20 10 18 8 3 1 1
1368052432 63 38 33 20 20 10 18 8 3 1 1
1368052682 64 38 33 20 20 10 18 8 3 1 1
1368052688 65 38 33 20 20 10 18 8 3 1 1
1368053463 65 38 33 21 20 10 18 8 3 1 1
1368053468 65 38 33 22 20 10 18 8 3 1 1
1368054127 65 38 33 22 20 11 18 8 3 1 1
1368054175 65 38 33 22 20 12 18 8 3 1 1
1368056677 65 38 33 22 20 12 18 8 4 1 1
1368056705 65 38 33 22 20 12 18 8 5 1 1
1368057204 65 38 33 23 20 12 18 8 5 1 1
1368057208 65 38 33 24 20 12 18 8 5 1 1
1368057561 65 38 33 24 20 12 18 8 6 1 1
1368057770 65 38 33 24 20 12 18 8 7 1 1
1368057779 65 38 33 24 20 12 18 8 8 1 1
1368105672 66 38 33 24 20 12 18 8 8 1 1
1368105674 67 38 33 24 20 12 18 8 8 1 1
1368126108 67 38 33 24 20 13 18 8 8 1 1
1368128115 68 38 33 24 20 13 18 8 8 1 1
1368128130 69 38 33 24 20 13 18 8 8 1 1
1368135043 70 38 33 24 20 13 18 8 8 1 1
1368136985 70 38 33 24 20 14 18 8 8 1 1
1368136990 71 38 33 24 20 14 18 8 8 1 1
1368137027 71 38 33 24 20 15 18 8 8 1 1
1368137036 72 38 33 24 20 15 18 8 8 1 1
1368139715 73 38 33 24 20 15 18 8 8 1 1
1368143403 74 38 33 24 20 15 18 8 8 1 1
1368224519 74 39 33 24 20 15 18 8 8 1 1
1368298825 74 39 34 24 20 15 18 8 8 1 1
1368298979 74 39 35 24 20 15 18 8 8 1 1
1368386185 74 39 36 24 20 15 18 8 8 1 1
1368394070 74 40 36 24 20 15 18 8 8 1 1
1368394460 74 41 36 24 20 15 18 8 8 1 1
1368395038 74 42 36 24 20 15 18 8 8 1 1
1368395517 74 43 36 24 20 15 18 8 8 1 1
1368396397 74 43 36 25 20 15 18 8 8 1 1
1368396407 74 43 36 26 20 15 18 8 8 1 1
1368398268 75 43 36 26 20 15 18 8 8 1 1
1368398374 76 43 36 26 20 15 18 8 8 1 1
1368400025 77 43 36 26 20 15 18 8 8 1 1
1368402847 77 43 36 26 20 16 18 8 8 1 1
1368402902 77 43 36 26 20 17 18 8 8 1 1
1368489470 77 43 36 26 20 18 18 8 8 1 1
1368495029 77 43 37 26 20 18 18 8 8 1 1
1368495147 77 43 38 26 20 18 18 8 8 1 1
1368495561 77 43 39 26 20 18 18 8 8 1 1
