1364855982 0 1 0 0 0 0 0 0 0 0 0
1364856650 198 1 0 0 0 0 0 0 0 0 0
1365526796 1368 1 0 0 0 0 0 0 0 0 0
1365606919 1374 1 0 0 0 0 0 0 0 0 0
1365622530 1374 1 0 0 0 0 0 0 0 0 0
1365631541 1574 1 0 0 0 0 0 0 0 0 0
1365631858 1574 1 0 0 0 0 0 0 0 0 0
1365801057 1684 1 0 0 0 0 0 0 0 0 0
1365803946 1705 1 0 0 0 0 0 0 0 0 0
1365806865 1831 1 0 0 0 0 0 0 0 0 0
1365808389 1831 88 0 0 0 0 0 0 0 0 0
1365808415 1831 147 0 0 0 0 0 0 0 0 0
1365808468 1831 147 0 0 0 0 0 0 0 0 0
1365809063 1886 147 0 0 0 0 0 0 0 0 0
1365970395 1905 147 0 0 0 0 0 0 0 0 0
1365978344 1905 147 0 0 7 0 0 0 0 0 0
1365980075 1951 147 0 0 7 0 0 0 0 0 0
1365980106 1965 147 0 0 7 0 0 0 0 0 0
1365981795 1965 147 0 0 51 0 0 0 0 0 0
1365981844 1965 147 0 0 51 0 0 0 0 0 0
1366056695 1965 147 0 0 51 0 0 0 0 0 0
1366058014 2411 147 0 0 51 0 0 0 0 0 0
1366062935 2411 147 0 0 51 0 0 0 0 0 0
1366062940 2411 147 0 0 51 0 0 0 0 0 0
1366065764 2413 147 0 0 51 0 0 0 0 0 0
1366067126 3076 147 0 0 51 0 0 0 0 0 0
1366067347 3076 147 0 0 51 0 0 0 0 0 0
1366226446 3236 147 0 0 51 0 0 0 0 0 0
1366234341 3236 147 0 0 51 0 0 0 0 0 0
1366240784 3236 334 0 0 51 0 0 0 0 0 0
1366240792 3236 334 0 0 51 0 0 0 0 0 0
1366240958 3236 334 0 0 100 0 0 0 0 0 0
1366241029 3236 334 0 0 100 0 0 0 0 0 0
1366241104 3236 334 0 0 100 131 0 0 0 0 0
1366316536 3339 334 0 0 100 131 0 0 0 0 0
1366319141 3339 334 0 0 100 133 0 0 0 0 0
1366322850 3339 334 0 0 100 234 0 0 0 0 0
1366323927 3414 334 0 0 100 234 0 0 0 0 0
1366325850 3432 334 0 0 100 234 0 0 0 0 0
1366335278 3549 334 0 0 100 234 0 0 0 0 0
1366407956 3554 334 0 0 100 234 0 0 0 0 0
1366408160 3554 334 0 0 174 234 0 0 0 0 0
1366408210 3554 334 0 0 174 234 0 0 0 0 0
1366409163 3554 334 0 0 186 234 0 0 0 0 0
1366412576 3554 362 0 0 186 234 0 0 0 0 0
1366412580 3554 362 0 0 186 234 0 0 0 0 0
1366573946 3554 384 0 0 186 234 0 0 0 0 0
1366581193 3554 384 0 0 186 234 0 0 6 0 0
1366581764 3607 384 0 0 186 234 0 0 6 0 0
1366582925 3607 384 0 0 186 234 0 0 6 0 0
1366583124 3621 384 0 0 186 234 0 0 6 0 0
1366584201 3621 384 0 16 186 234 0 0 6 0 0
1366627212 3621 384 0 16 186 234 0 0 6 0 14
1366667667 3654 384 0 16 186 234 0 0 6 0 14
1366669415 3654 384 0 22 186 234 0 0 6 0 14
1366671363 3654 414 0 22 186 234 0 0 6 0 14
1366671369 3654 414 0 22 186 234 0 0 6 0 14
1366672069 3654 437 0 22 186 234 0 0 6 0 14
1366737491 3659 437 0 22 186 234 0 0 6 0 14
1366754128 3789 437 0 22 186 234 0 0 6 0 14
1366758278 3929 437 0 22 186 234 0 0 6 0 14
1366759272 3929 437 269 22 186 234 0 0 6 0 14
1366759912 3929 437 269 22 186 234 0 0 6 0 14
1366759988 3951 437 269 22 186 234 0 0 6 0 14
1366761411 3951 437 269 22 186 234 0 0 6 0 14
1366765388 3986 437 269 22 186 234 0 0 6 0 14
1366766842 4105 437 269 22 186 234 0 0 6 0 14
1366769869 4105 437 269 22 195 234 0 0 6 0 14
1366772566 4264 437 269 22 195 234 0 0 6 0 14
1366773348 4264 437 269 22 201 234 0 0 6 0 14
1366812190 4264 437 341 22 201 234 0 0 6 0 14
1366817813 7864 437 341 22 201 234 0 0 6 0 14
1366817925 7864 437 341 22 201 234 0 0 6 0 14
1366825135 7864 437 644 22 201 234 0 0 6 0 14
1366826604 7864 437 644 22 201 234 0 0 6 0 14
1366839656 7864 437 644 22 201 234 0 0 6 0 14
1366842619 7864 439 644 22 201 234 0 0 6 0 14
1366843535 7954 439 644 22 201 234 0 0 6 0 14
1366844544 7954 497 644 22 201 234 0 0 6 0 14
1366844554 7954 497 644 22 201 234 0 0 6 0 14
1366847928 7954 497 730 22 201 234 0 0 6 0 14
1366848105 7954 497 730 22 201 234 0 0 6 0 14
1366851896 7954 497 992 22 201 234 0 0 6 0 14
1366853109 7954 497 1044 22 201 234 0 0 6 0 14
1366855746 7954 497 1234 22 201 234 0 0 6 0 14
1366856980 7954 497 1426 22 201 234 0 0 6 0 14
1366857989 7954 497 1478 22 201 234 0 0 6 0 14
1366865475 7954 497 1499 22 201 234 0 0 6 0 14
1366909962 7954 497 1559 22 201 234 0 0 6 0 14
1366909989 7954 497 1559 22 201 234 0 0 6 0 14
1366923272 7958 497 1559 22 201 234 0 0 6 0 14
1367000851 7958 508 1559 22 201 234 0 0 6 0 14
1367002400 7958 519 1559 22 201 234 0 0 6 0 14
1367186322 7958 519 1559 299397 201 234 0 0 6 0 14
1367186716 7981 519 1559 299397 201 234 0 0 6 0 14
1367187038 7981 519 1559 299397 201 234 0 0 6 0 14
1367187115 7981 519 1559 299397 201 234 0 0 6 0 14
1367187171 7981 519 1559 299397 201 234 0 0 6 0 14
1367187178 7981 519 1559 299397 201 234 0 0 6 0 14
1367187306 7981 519 1559 299397 201 234 0 0 6 0 14
1367187314 7981 519 1559 299397 201 234 0 0 6 0 14
1367193685 7981 519 1559 299397 201 234 0 0 6 0 14
1367261641 7981 519 1559 299397 201 234 0 8 6 0 14
1367268727 7981 522 1559 299397 201 234 0 8 6 0 14
1367274186 7981 522 1559 299397 223 234 0 8 6 0 14
1367274245 7981 522 1559 299397 223 234 0 8 6 0 14
1367275072 8100 522 1559 299397 223 234 0 8 6 0 14
1367275075 8100 522 1559 299397 223 234 0 8 6 0 14
1367277656 8100 621 1559 299397 223 234 0 8 6 0 14
1367277658 8100 621 1559 299397 223 234 0 8 6 0 14
1367277736 8100 621 1559 299397 223 234 0 8 6 0 14
1367277744 8100 621 1559 299397 223 234 0 8 6 0 14
1367278137 8100 621 1559 299397 248 234 0 8 6 0 14
1367278154 8100 621 1559 299397 248 234 0 8 6 0 14
1367280613 8100 621 1559 299397 272 234 0 8 6 0 14
1367282023 8100 621 1567 299397 272 234 0 8 6 0 14
1367335766 8100 621 1567 299397 272 234 0 8 6 0 14
1367335776 8100 621 1567 299397 272 234 0 8 6 0 14
1367424260 8100 623 1567 299397 272 234 0 8 6 0 14
1367424599 8100 626 1567 299397 272 234 0 8 6 0 14
1367424975 8100 626 2726 299397 272 234 0 8 6 0 14
1367425119 8100 626 2726 299397 272 234 0 8 6 0 14
1367426457 8100 626 2726 299397 272 234 0 8 6 0 14
1367426464 8100 626 2726 299397 272 234 0 8 6 0 14
1367442254 8100 626 2726 299397 272 234 0 8 6 0 14
1367442506 8100 626 2726 299397 276 234 0 8 6 0 14
1367442745 8100 626 2726 299397 276 234 0 8 6 0 14
1367442946 8100 626 2726 299397 279 234 0 8 6 0 14
1367443377 8100 626 2726 299397 279 234 0 8 6 0 14
1367444067 8100 668 2726 299397 279 234 0 8 6 0 14
1367444263 8100 671 2726 299397 279 234 0 8 6 0 14
1367444881 8100 671 2726 299397 279 234 0 8 6 0 14
1367445789 8100 671 3896 299397 279 234 0 8 6 0 14
1367445804 8100 671 3896 299397 279 234 0 8 6 0 14
1367449836 8100 721 3896 299397 279 234 0 8 6 0 14
1367452023 8100 721 3896 299418 279 234 0 8 6 0 14
1367453052 8283 721 3896 299418 279 234 0 8 6 0 14
1367453169 8375 721 3896 299418 279 234 0 8 6 0 14
1367454177 8375 721 3896 299418 279 243 0 8 6 0 14
1367460791 8375 721 3896 299418 279 243 0 11 6 0 14
1367463592 8375 721 3896 299418 279 243 0 11 6 0 14
1367464136 8375 721 3896 299418 279 243 0 11 6 0 14
1367595455 8375 721 3896 299418 279 243 0 91 6 0 14
1367595874 8375 721 3896 299418 279 243 0 91 6 0 14
1367612006 8375 724 3896 299418 279 243 0 91 6 0 14
1367783400 8384 724 3896 299418 279 243 0 91 6 0 14
1367783619 8384 724 3896 299418 279 243 0 91 6 0 14
1367783921 8384 746 3896 299418 279 243 0 91 6 0 14
1367784099 8384 746 3896 299418 279 243 0 91 6 0 14
1367787327 8497 746 3896 299418 279 243 0 91 6 0 14
1367787333 8497 746 3896 299418 279 243 0 91 6 0 14
1367791084 8497 746 4074 299418 279 243 0 91 6 0 14
1367791217 8497 746 4074 299418 279 243 0 91 6 0 14
1367791887 8514 746 4074 299418 279 243 0 91 6 0 14
1367791891 8514 746 4074 299418 279 243 0 91 6 0 14
1367791957 8514 746 4074 299427 279 243 0 91 6 0 14
1367791963 8514 746 4074 299427 279 243 0 91 6 0 14
1367791979 8514 746 4102 299427 279 243 0 91 6 0 14
1367792080 8514 746 4102 299427 279 243 0 91 6 0 14
1367792772 8520 746 4102 299427 279 243 0 91 6 0 14
1367792774 8520 746 4102 299427 279 243 0 91 6 0 14
1367793224 8520 746 4102 299434 279 243 0 91 6 0 14
1367793516 8520 746 4102 299437 279 243 0 91 6 0 14
1367795232 8520 746 4127 299437 279 243 0 91 6 0 14
1367795254 8520 746 4127 299437 279 243 0 91 6 0 14
1367795471 8520 746 4127 299472 279 243 0 91 6 0 14
1367795555 8520 746 4127 299472 279 243 0 91 6 0 14
1367795640 8520 746 4128 299472 279 243 0 91 6 0 14
1367795680 8520 746 4128 299472 279 243 0 91 6 0 14
1367796001 8520 746 4128 299500 279 243 0 91 6 0 14
1367796795 8520 746 4128 299514 279 243 0 91 6 0 14
1367796963 8520 746 4128 299514 279 321 0 91 6 0 14
1367797005 8520 746 4128 299514 279 321 0 91 6 0 14
1367806835 8520 746 4387 299514 279 321 0 91 6 0 14
1367806909 8520 746 4387 299514 279 321 0 91 6 0 14
1367881234 8520 746 4387 299514 279 321 0 309 6 0 14
1367882239 8520 746 4387 299562 279 321 0 309 6 0 14
1367882267 8520 746 4387 299562 279 321 0 309 6 0 14
1367884463 8520 746 4387 299605 279 321 0 309 6 0 14
1367888194 8520 746 4435 299605 279 321 0 309 6 0 14
1367891315 8520 746 4435 299605 279 321 0 318 6 0 14
1367891322 8520 746 4435 299605 279 321 0 318 6 0 14
1367891775 8520 746 4435 299605 279 321 0 318 6 0 14
1367891779 8520 746 4435 299605 279 321 0 318 6 0 14
1367943926 8520 746 4435 299605 279 321 22 318 6 0 14
1367946082 8592 746 4435 299605 279 321 22 318 6 0 14
1367946508 8592 746 4435 299605 279 321 22 318 6 0 14
1367948657 8592 746 4435 299605 279 321 27 318 6 0 14
1367948693 8592 746 4435 299605 279 321 27 318 6 0 14
1367948766 8592 746 4435 299605 279 321 28 318 6 0 14
1367949223 8592 746 4435 299605 279 321 29 318 6 0 14
1367949337 8592 746 4435 299605 279 321 30 318 6 0 14
1367959727 8592 746 4435 299605 279 347 30 318 6 0 14
1367964735 8592 746 4435 299605 279 347 43 318 6 0 14
1367964774 8592 746 4435 299605 279 347 43 318 6 0 14
1367965130 8592 746 4435 299605 279 347 44 318 6 0 14
1367969497 8592 746 4435 299605 279 347 45 318 6 0 14
1367969868 8592 746 4435 299605 279 347 54 318 6 0 14
1367970275 8592 746 4435 299605 279 347 57 318 6 0 14
1367970590 8592 746 4435 299605 279 347 58 318 6 0 14
1368015134 8592 746 4435 299605 279 347 65 318 6 0 14
1368016542 8592 746 4435 299605 279 347 75 318 6 0 14
1368029796 8592 746 4435 299605 279 347 87 318 6 0 14
1368038832 8592 746 4435 299605 279 365 87 318 6 0 14
1368038887 8592 746 4435 299605 279 365 89 318 6 0 14
1368038916 8592 746 4435 299605 279 365 89 318 6 0 14
1368041205 8592 746 4435 299605 279 427 89 318 6 0 14
1368041274 8592 746 4435 299605 279 427 89 318 6 0 14
1368046304 8592 746 4435 299605 279 427 89 318 79 0 14
1368046337 8592 746 4435 299605 279 427 89 318 79 0 14
1368046709 8933 746 4435 299605 279 427 89 318 79 0 14
1368047134 8933 746 4435 299605 279 427 89 318 79 0 14
1368051329 8933 746 4435 299609 279 427 89 318 79 0 14
1368052340 8933 746 4502 299609 279 427 89 318 79 0 14
1368052432 8933 746 4502 299609 279 427 89 318 79 0 14
1368052682 8974 746 4502 299609 279 427 89 318 79 0 14
1368052688 8974 746 4502 299609 279 427 89 318 79 0 14
1368053463 8974 746 4502 299611 279 427 89 318 79 0 14
1368053468 8974 746 4502 299611 279 427 89 318 79 0 14
1368054127 8974 746 4502 299611 279 539 89 318 79 0 14
1368054175 8974 746 4502 299611 279 539 89 318 79 0 14
1368056677 8974 746 4502 299611 279 539 89 318 175 0 14
1368056705 8974 746 4502 299611 279 539 89 318 175 0 14
1368057204 8974 746 4502 299627 279 539 89 318 175 0 14
1368057208 8974 746 4502 299627 279 539 89 318 175 0 14
1368057561 8974 746 4502 299627 279 539 89 318 180 0 14
1368057770 8974 746 4502 299627 279 539 89 318 184 0 14
1368057779 8974 746 4502 299627 279 539 89 318 184 0 14
1368105672 8991 746 4502 299627 279 539 89 318 184 0 14
1368105674 8991 746 4502 299627 279 539 89 318 184 0 14
1368126108 8991 746 4502 299627 279 575 89 318 184 0 14
1368128115 9117 746 4502 299627 279 575 89 318 184 0 14
1368128130 9117 746 4502 299627 279 575 89 318 184 0 14
1368135043 9308 746 4502 299627 279 575 89 318 184 0 14
1368136985 9308 746 4502 299627 279 595 89 318 184 0 14
1368136990 9323 746 4502 299627 279 595 89 318 184 0 14
1368137027 9323 746 4502 299627 279 595 89 318 184 0 14
1368137036 9323 746 4502 299627 279 595 89 318 184 0 14
1368139715 9343 746 4502 299627 279 595 89 318 184 0 14
1368143403 9352 746 4502 299627 279 595 89 318 184 0 14
1368224519 9352 772 4502 299627 279 595 89 318 184 0 14
1368298825 9352 772 4532 299627 279 595 89 318 184 0 14
1368298979 9352 772 4532 299627 279 595 89 318 184 0 14
1368386185 9352 772 30404 299627 279 595 89 318 184 0 14
1368394070 9352 797 30404 299627 279 595 89 318 184 0 14
1368394460 9352 801 30404 299627 279 595 89 318 184 0 14
1368395038 9352 827 30404 299627 279 595 89 318 184 0 14
1368395517 9352 853 30404 299627 279 595 89 318 184 0 14
1368396397 9352 853 30404 299635 279 595 89 318 184 0 14
1368396407 9352 853 30404 299635 279 595 89 318 184 0 14
1368398268 9480 853 30404 299635 279 595 89 318 184 0 14
1368398374 9480 853 30404 299635 279 595 89 318 184 0 14
1368400025 9483 853 30404 299635 279 595 89 318 184 0 14
1368402847 9483 853 30404 299635 279 686 89 318 184 0 14
1368402902 9483 853 30404 299635 279 686 89 318 184 0 14
1368489470 9483 853 30404 299635 279 738 89 318 184 0 14
1368495029 9483 853 30642 299635 279 738 89 318 184 0 14
1368495147 9483 853 30642 299635 279 738 89 318 184 0 14
1368495561 9483 853 30643 299635 279 738 89 318 184 0 14
